              precision    recall  f1-score   support

           0     0.7361    0.6625    0.6974        80
           1     0.8831    0.8500    0.8662        80
           2     0.7882    0.8375    0.8121        80
           3     0.8506    0.9250    0.8862        80
           4     0.7541    0.5750    0.6525        80
           5     0.9649    0.6875    0.8029        80
           6     0.9559    0.8125    0.8784        80
           7     0.8889    0.8000    0.8421        80
           8     0.8182    0.7875    0.8025        80
           9     0.8481    0.8375    0.8428        80
          10     0.8806    0.7375    0.8027        80
          11     0.9315    0.8500    0.8889        80
          12     0.9167    0.9625    0.9390        80
          13     0.7250    0.7250    0.7250        80
          14     0.8837    0.9500    0.9157        80
          15     0.7429    0.6500    0.6933        80
          16     0.8214    0.8625    0.8415        80
          17     0.8511    1.0000    0.9195        80
          18     0.9444    0.8500    0.8947        80
          19     0.8824    0.9375    0.9091        80
          20     0.8205    0.8000    0.8101        80
          21     0.8837    0.9500    0.9157        80
          22     0.9405    0.9875    0.9634        80
          23     0.7416    0.8250    0.7811        80
          24     0.8372    0.9000    0.8675        80
          25     0.8421    0.6000    0.7007        80
          26     0.6184    0.5875    0.6026        80
          27     0.9157    0.9500    0.9325        80
          28     0.7407    0.7500    0.7453        80
          29     0.8172    0.9500    0.8786        80
          30     0.9875    0.9875    0.9875        80
          31     0.8261    0.7125    0.7651        80
          32     0.8488    0.9125    0.8795        80
          33     0.8272    0.8375    0.8323        80
          34     0.8353    0.8875    0.8606        80
          35     0.6577    0.9125    0.7644        80
          36     0.9302    1.0000    0.9639        80
          37     1.0000    0.8875    0.9404        80
          38     0.7677    0.9500    0.8492        80
          39     0.7647    0.6500    0.7027        80
          40     0.7703    0.7125    0.7403        80
          41     0.7531    0.7625    0.7578        80
          42     0.8966    0.9750    0.9341        80
          43     0.7619    0.8000    0.7805        80
          44     0.8462    0.6875    0.7586        80
          45     0.9524    1.0000    0.9756        80
          46     0.8222    0.9250    0.8706        80
          47     0.6344    0.7375    0.6821        80
          48     0.9000    0.9000    0.9000        80
          49     0.8077    0.7875    0.7975        80
          50     0.7647    0.8125    0.7879        80

    accuracy                         0.8321      4080
   macro avg     0.8349    0.8321    0.8302      4080
weighted avg     0.8349    0.8321    0.8302      4080
